-14.9361 16.9345 -0.87433
-14.2254 15.9019 -0.815555
-13.5432 14.8828 -0.759457
-12.8802 13.8946 -0.707541
-12.2859 12.9335 -0.65299
-11.7131 12.0054 -0.605355
-11.1792 11.1181 -0.557227
-10.6906 10.2761 -0.509915
-10.2446 9.47511 -0.469793
-9.83425 8.73767 -0.43108
-9.48266 8.07391 -0.394938
-9.17543 7.48671 -0.367274
-8.91092 6.98643 -0.344524
-8.67378 6.52951 -0.31911
-8.43895 6.08029 -0.293211
-8.18342 5.65718 -0.272079
-7.93229 5.25298 -0.241156
-7.65896 4.87293 -0.21442
-7.37579 4.50787 -0.193505
-7.04704 4.11426 -0.169513
-6.66064 3.70293 -0.135607
-6.18872 3.27507 -0.099313
-5.65363 2.82157 -0.056209
-5.0556 2.39038 -0.0262533
-4.38744 1.96284 0.00538275
-3.63775 1.56121 0.0327293
-2.75308 1.17556 0.0557153
-1.81485 0.816138 0.0753803
-0.77593 0.476357 0.103573
0.368433 0.213979 0.118248
1.6026 0.0365914 0.132855
2.93675 -0.0721384 0.153501
4.35998 -0.114335 0.181134
5.86026 -0.103045 0.209482
7.44532 -0.0359566 0.237179
9.06957 0.0497153 0.262203
10.7752 0.126544 0.294328
12.5608 0.21847 0.324822
14.3764 0.320122 0.35657
16.276 0.424315 0.40261
18.2109 0.538098 0.441778
20.1885 0.664355 0.483571
22.2438 0.81202 0.518449
24.3232 0.981122 0.54432
26.4173 1.15339 0.567489
28.5706 1.34865 0.604254
30.7414 1.53724 0.643041
32.8967 1.73237 0.672429
35.0896 1.93981 0.711469
37.2733 2.14355 0.752326
39.5008 2.35475 0.781599
41.7437 2.54861 0.810229
43.9802 2.73386 0.837049
46.2143 2.90496 0.870976
48.481 3.07848 0.90418
50.7709 3.231 0.95042
53.0513 3.38594 0.994567
55.3854 3.53093 1.03166
57.7292 3.68452 1.05837
60.0886 3.85655 1.08707
62.4457 4.03907 1.13742
64.8241 4.20986 1.18911
67.2278 4.37187 1.24017
69.6024 4.54857 1.27342
71.914 4.71338 1.31397
74.2236 4.87179 1.37166
76.5705 5.02338 1.45239
78.8936 5.16735 1.52066
81.2217 5.33843 1.57005
83.5201 5.49973 1.60672
